firstname,secondname,city
Steven,Lennon,Kiel
Steven,Epstein,Hamburg
Marc,Lennon,Hamburg
Johanna,Preston,Hamburg
John,Preston,London
